*01
0300300000030030
0030030000300300
0030030030030000
3000300330030003
0300030000300030
0030000330000300
0003003333003000
0003003333003000
0030000330000300
0300030000300030
3000300330030003
0003003003003000
0030030000300300
0300300000030030
*02
3000030000300000
0300030003000000
0030030030000000
0003030300000000
0000333990099900
3333339999999999
0999999999999999
0999999999999999
9999999999999999
0999999999999990
0000000000000000
0000000000000000
0000000000000000
0000000000000000
*03
0000000000000000
0000000000000000
0000000000000000
0099000990099900
0999909999999999
0999999999999999
9999999999999999
9999999999999999
0999999999999990
0000000000000000
0000000000000000
0000000000000000
0000000000000000
0000000000000000
*04
0000000000000000
0000000000000000
0000000000000000
0099000990099900
0999909999999999
0999999999999999
9999999999999999
9999999999999999
0999999999999990
0000000000000000
0000000000000000
0000000000000000
0000000000000000
0000000000000000
*09
0000000000000000
0000000000000000
0099000990099900
0999909999999999
0999999999999999
9999999999999999
9999999999999999
0999999999999990
0004004004004000
0004004004004000
0040040040040000
0040040040040000
0040040040040000
0000000000000000
*10
3000030000300000
0300030003000000
0030030030000000
0003030300000000
0000333990099900
3333339999999999
0099999999999999
0999999999999999
9999999999999999
0999999999999990
0004004004004000
0004004004004000
0040040040040000
0040040040040000
*11
0000000000000000
0000000000000000
0099000990099900
0999909999999999
0999999999999999
9999999999999999
9999999999999999
0999999999999990
0000100010001000
0001000100010000
0000100010001000
0001000100010000
0000100010001000
0000000000000000
*13
0000000000000000
0000000000000000
0099000990099900
0999909999999999
0999999999999999
9999999999999999
9999999999999999
0999999999999990
0070070070070070
0000000000000000
0700700700700700
0000000000000000
0070070070070070
0000000000000000
*50
0000000000000000
0000000000000000
9990009999000999
0009990000999000
0000000000000000
0000000000000000
9990009999000999
0009990000999000
0000000000000000
0000000000000000
9990009999000999
0009990000999000
0000000000000000
0000000000000000
